291.64
291.49
291.58
291.59
291.63
291.63
291.57
291.55
291.48
291.54
291.52
291.5
291.49
291.48
291.47
291.48
291.47
291.47
291.47
291.46
291.46
291.45
291.42
291.4
291.39
291.38
291.37
291.34
291.33
291.31
291.31
291.3
291.3
291.28
291.28
291.28
291.57
291.57
291.51
291.58
291.52
291.47
291.41
291.61
291.49
291.52
291.52
291.55
291.54
291.54
291.53
291.52
291.52
291.51
291.51
291.51
291.5
291.48
291.45
291.42
291.42
291.41
291.39
291.38
291.35
291.34
291.33
291.32
291.31
291.3
291.3
291.3
291.62
291.57
291.62
291.5
291.54
291.43
291.63
291.66
291.54
291.4
291.44
291.48
291.57
291.58
291.58
291.57
291.57
291.56
291.55
291.54
291.53
291.52
291.51
291.46
291.44
291.43
291.41
291.4
291.38
291.37
291.35
291.33
291.32
291.32
291.31
291.31
291.65
291.7
291.64
291.6
291.71
291.66
291.71
291.69
291.7
291.64
291.58
291.59
291.55
291.62
291.62
291.62
291.61
291.6
291.59
291.59
291.58
291.57
291.56
291.54
291.47
291.5
291.48
291.47
291.4
291.38
291.37
291.36
291.34
291.33
291.33
291.32
291.77
291.75
291.7
291.57
291.61
291.76
291.66
291.72
291.73
291.73
291.72
291.46
291.41
291.63
291.67
291.66
291.66
291.65
291.63
291.61
291.62
291.6
291.59
291.57
291.54
291.53
291.51
291.48
291.47
291.4
291.39
291.38
291.36
291.35
291.34
291.34
291.8
291.78
291.72
291.78
291.74
291.75
291.83
291.82
291.8
291.78
291.74
291.66
291.25
291.32
291.57
291.67
291.71
291.67
291.65
291.63
291.65
291.63
291.63
291.61
291.59
291.56
291.53
291.49
291.48
291.47
291.4
291.39
291.38
291.37
291.36
291.35
291.84
291.77
291.78
291.85
291.84
291.84
291.88
291.85
291.85
291.84
291.83
291.76
291.57
291.51
291.6
291.77
291.64
291.7
291.67
291.67
291.68
291.68
291.66
291.64
291.62
291.59
291.56
291.51
291.49
291.5
291.48
291.41
291.4
291.38
291.37
291.36
291.63
291.8
291.72
291.77
291.83
291.86
291.87
291.89
291.89
291.9
291.87
291.88
291.85
291.74
291.65
291.82
291.7
291.63
291.69
291.71
291.72
291.71
291.7
291.68
291.65
291.62
291.58
291.55
291.54
291.48
291.49
291.48
291.4
291.4
291.39
291.38
291.49
291.79
291.7
291.78
291.87
291.91
291.9
291.93
291.94
291.96
291.94
291.95
291.88
291.9
291.9
291.88
291.86
291.79
291.61
291.7
291.74
291.74
291.73
291.71
291.69
291.65
291.62
291.59
291.56
291.53
291.49
291.49
291.4
291.4
291.41
291.4
291.38
291.68
291.69
291.9
291.91
291.97
291.93
291.94
292.01
291.99
292.01
292
291.99
291.97
291.96
291.94
291.91
291.88
291.7
291.61
291.63
291.73
291.76
291.75
291.71
291.65
291.64
291.61
291.56
291.55
291.52
291.51
291.46
291.4
291.4
291.4
291.82
291.63
291.3
291.28
291.94
292.01
292.02
292.02
292.06
292.06
292.08
292.06
292.05
291.99
291.99
291.98
291.96
291.94
291.86
291.82
291.78
291.73
291.54
291.71
291.68
291.66
291.66
291.59
291.55
291.55
291.52
291.49
291.46
291.39
291.39
291.37
291.74
291.86
291.61
291.63
291.82
292.07
292.01
292.05
291.92
292
292.14
292.12
292.09
292.09
291.93
292.04
292.02
291.98
291.97
291.89
291.9
291.71
291.67
291.68
291.61
291.61
291.65
291.6
291.55
291.53
291.51
291.48
291.48
291.39
291.4
291.39
291.87
291.67
291.97
291.68
291.82
291.75
292.05
291.79
291.96
291.87
292.17
292.19
292.16
292.15
292.09
292
292.08
292.02
292
291.99
291.94
291.88
291.75
291.74
291.72
291.69
291.63
291.44
291.55
291.51
291.5
291.45
291.44
291.42
291.37
291.33
291.86
291.8
292.02
292.07
291.83
291.57
291.49
291.93
292
291.93
292.19
292.23
292.22
292.21
292.19
291.91
292.04
292.08
291.97
292.03
291.96
291.93
291.83
291.84
291.76
291.8
291.7
291.51
291.52
291.47
291.48
291.45
291.41
291.39
291.33
291.27
291.79
291.98
292.12
292.08
292.05
291.56
291.39
292.03
292.04
292.09
292.18
292.15
292.31
292.29
292.26
292.24
291.9
292.18
292
292.08
292.02
291.92
291.94
291.96
291.86
291.75
291.7
291.79
291.4
291.44
291.47
291.4
291.42
291.36
291.33
291.25
292.08
292.15
292.13
292.12
291.97
291.89
291.59
291.45
292.14
292.21
292.22
292.33
292.21
292.34
292.31
292.26
292.17
292.22
292.03
291.96
292.09
292.04
292.02
291.96
291.84
291.77
291.82
291.81
291.57
291.61
291.21
291.37
291.32
291.29
291.21
291.19
292.15
292.21
292.21
292.17
291.79
291.9
291.38
291.47
291.89
292.17
292.21
292.23
292.27
292.39
292.36
292.29
292.3
291.87
292.24
292.14
292.13
292.12
292.06
292.01
291.97
291.92
291.88
291.8
291.61
291.56
291.38
291.61
291.27
291.09
291.03
291.13
292.08
292.24
292.22
292.18
292.06
292.05
291.58
291.83
291.57
292.04
292.21
292.4
292.48
292.4
292.42
292.39
292.36
291.99
292.28
292.1
292.16
292.05
292.07
292.04
291.95
291.94
291.9
291.8
291.66
291.69
291.34
291.69
291.35
291.3
291.21
291.04
292.1
292.22
292.3
292.31
292.33
292.26
291.87
291.67
291.69
291.93
292.25
292.33
292.48
292.4
292.47
292.44
292.42
292.21
291.84
292.28
292.11
292.11
292.11
292.03
291.98
291.97
291.92
291.87
291.83
291.75
291.28
291.66
291.42
291.37
291.31
291.16
292.15
292.19
292.35
292.34
292.37
292.34
292.15
291.55
292.09
291.9
292.21
292.39
292.36
292.47
292.22
292.5
292.44
292.4
291.79
292.31
292.12
292.03
292.04
291.93
291.99
291.99
291.94
291.89
291.8
291.61
291.72
291.72
291.53
291.38
291.43
291.29
292.09
292.1
292.34
292.37
292.41
292.37
292.36
291.76
292.25
292.07
292.12
292.4
292.54
292.52
292.48
292.52
292.37
292.43
292.33
291.68
292.24
292.18
291.93
291.93
292.06
291.97
291.96
291.91
291.87
291.82
291.78
291.58
291.4
291.46
291.46
291.35
291.85
292.16
292.35
292.38
292.41
292.41
292.4
292.39
291.8
292.25
292.11
292.15
292.4
292.56
292.54
292.51
292.5
292.46
292.43
292.32
291.71
292.26
292.16
292.03
292.04
291.99
291.95
291.94
291.89
291.85
291.8
291.75
291.56
291.4
291.46
291.46
291.35
291.85
292.16
292.35
292.38
292.41
292.41
292.4
292.39
291.8
292.25
292.11
292.15
292.4
292.56
292.54
292.51
292.5
292.46
292.43
292.32
291.71
292.26
292.16
292.03
292.04
291.99
291.95
291.94
291.89
291.85
291.8
291.75
291.56
291.4
291.46
291.46
291.35
291.85
292.16
292.35
292.38
292.41
292.41
292.4
292.39
291.8
292.25
292.11
292.15
292.4
292.56
292.54
292.51
292.5
292.46
292.43
292.32
291.71
292.26
292.16
292.03
292.04
291.99
291.95
291.94
291.89
291.85
291.8
291.75
291.56
291.4