304.82
304.73
304.61
304.75
304.67
304.41
304.41
304.32
304.07
303.95
303.89
303.78
303.62
303.48
303.34
303.17
303.02
302.83
302.73
302.65
302.65
302.59
302.69
302.75
302.84
303
303.07
303.14
303.2
303.22
303.11
302.84
302.76
302.92
302.79
302.87
304.72
304.71
304.66
304.64
304.49
304.34
304.26
304.11
304.03
303.98
303.86
303.81
303.63
303.45
303.34
303.18
303.03
302.83
302.7
302.57
302.49
302.58
302.65
302.69
302.75
302.8
302.92
302.93
302.92
302.94
302.89
302.84
302.65
302.55
302.51
302.57
304.69
304.63
304.49
304.53
304.39
304.22
304.08
304.12
303.92
303.9
303.81
303.74
303.53
303.44
303.35
303.19
302.98
302.86
302.71
302.6
302.54
302.45
302.48
302.53
302.59
302.69
302.75
302.71
302.69
301.86
301.83
301.85
301.74
301.8
301.76
300.96
304.59
304.53
304.44
304.32
304.42
304.04
303.89
303.84
303.8
303.77
303.69
303.45
303.42
303.34
303.21
303.03
302.87
302.66
302.48
302.4
302.3
302.29
301.2
301.24
301.28
301.35
301.4
301.5
301.59
301.23
301.17
301.31
301.32
301.58
301.6
300.83
304.55
304.49
304.35
304.35
304.34
304.09
303.95
303.83
303.8
303.68
303.61
303.5
303.39
303.31
303.18
303.02
302.82
302.65
302.47
302.32
302.47
302.08
301.17
301.13
301.15
301.16
301.08
301.27
301.33
301
301.22
300.83
300.91
301.16
301.37
300.08
304.41
304.38
304.28
304.18
304.3
303.94
303.84
303.8
303.74
303.55
303.47
303.5
303.43
303.24
303.05
303.05
302.81
302.33
302.59
302.28
301.57
301.31
301.19
301.02
301.01
301
301.03
301.07
301.2
301.09
301.25
301.3
301.83
301.56
301.77
301.49
304.33
304.31
304.24
304.1
303.99
303.96
304.11
303.84
303.82
303.76
303.67
303.47
303.35
303.26
303.02
302.91
302.81
302.71
302.56
302.42
302.34
302.22
302.14
302.07
302
302.03
302.02
302.01
301.95
301.86
301.78
301.44
301.6
301.43
301.69
301.51
304.18
304.21
304.15
304.12
303.88
303.76
303.72
303.62
303.78
303.43
303.38
303.42
303.27
303.1
302.88
302.82
302.7
302.26
302.02
301.78
301.59
301.34
301.11
300.92
300.78
300.69
300.56
300.45
300.58
300.68
300.77
300.59
301.04
301.15
301.55
300.73
304.13
304.11
304.1
303.84
303.81
303.65
303.51
303.58
303.57
303.64
303.43
303.3
303.15
303
302.8
302.69
302.38
302.18
301.99
301.79
301.56
301.26
301.1
300.85
300.58
300.52
300.44
300.12
300.26
300.23
300.48
300.47
300.75
301.05
299.66
300.26
304.05
304.03
303.85
303.85
303.75
303.61
303.54
303.48
303.51
303.41
303.39
303.19
303.04
302.85
302.7
302.58
302.29
302.13
301.96
301.76
301.53
301.3
301.01
300.82
300.53
300.33
300.16
300.11
299.92
299.82
300.16
300.29
300.37
299.51
299.69
300.26
303.97
303.91
303.71
303.8
303.71
303.59
303.41
303.36
303.43
303.28
303.23
303.09
302.88
302.73
302.58
302.43
302.27
302.04
301.89
301.68
301.5
301.24
301.04
300.74
300.46
300.2
300.03
299.69
299.33
299.55
299.7
298.39
298.7
298.82
299.48
300.18
303.9
303.8
303.71
303.58
303.68
303.49
303.37
303.37
303.32
303.22
303.06
302.83
302.77
302.6
302.4
302.22
302.07
301.94
301.8
301.56
301.4
301.21
300.99
300.77
300.44
300.16
299.78
299.44
299.36
298.97
297.89
298.24
298.3
298.85
298.83
299.78
303.83
303.62
303.64
303.49
303.47
303.32
303.29
303.26
303.12
303.05
302.89
302.75
302.6
302.42
302.25
302.12
301.96
301.84
301.7
301.51
301.38
301.2
301.01
300.66
300.52
300.31
299.97
299.86
299.62
299.68
299.9
298.89
298.98
299.29
299.78
300.31
303.63
303.63
303.48
303.37
303.41
303.3
303.21
303.15
303.02
302.9
302.75
302.59
302.44
302.28
302.1
301.93
301.88
301.73
301.6
301.47
301.17
301.13
300.98
300.67
300.55
300.21
300.07
299.82
299.62
299.61
298.46
298.68
298.93
299.22
299.5
300.2
303.48
303.45
303.35
303.26
303.28
303.22
303.1
302.97
302.91
302.73
302.61
302.43
302.28
302.12
301.94
301.82
301.75
301.62
301.5
301.39
301.06
300.9
300.96
300.59
300.49
300.3
300.03
299.79
298.51
299.58
298.28
298.5
298.46
298.91
299.46
299.88
303.35
303.32
303.26
303.12
303.11
303.06
303
302.84
302.77
302.65
302.45
302.26
302.14
302
301.84
301.68
301.61
301.49
301.39
301.29
300.95
300.82
300.7
300.71
300.48
300.33
299.96
298.89
298.6
298.15
298.16
298.29
298.51
298.82
299.2
299.41
303.22
303.15
303.09
303.04
303.05
302.93
302.81
302.73
302.41
302.45
302.3
302.13
302.01
301.87
301.7
301.58
301.51
301.37
301.28
301.18
300.83
300.73
300.59
300.42
300.51
300.29
299.88
299.05
298.72
298.39
297.97
298.06
298.36
298.51
298.98
299.33
303.14
303.05
302.96
302.89
302.86
302.8
302.64
302.62
302.41
302.28
302.14
302
301.86
301.68
301.59
301.51
301.37
301.27
301.16
301.07
300.68
300.58
300.43
300.26
300.06
299.99
299.86
299.23
298.85
298.22
297.9
298
297.95
298.59
299.27
300.12
303.01
302.9
302.82
302.69
302.73
302.65
302.51
302.48
302.29
302.17
301.98
301.9
301.73
301.64
301.44
301.4
301.23
301.14
301.03
300.65
300.51
300.44
300.32
300.17
299.98
299.9
299.76
299.38
299.1
298.36
297.47
297.59
297.77
298.8
299.85
300.79
302.87
302.8
302.62
302.58
302.61
302.54
302.4
302.29
302.16
302.05
301.84
301.74
301.58
301.46
301.32
301.28
301.19
301.04
300.9
300.83
300.39
300.31
300.19
300.05
299.9
299.75
299.66
299.48
299.39
298.6
297.22
297.52
299.23
299.78
300.77
301.04
302.64
302.54
302.53
302.48
302.45
302.38
302.27
302.2
302.1
302
301.81
301.75
301.63
301.29
301.21
301.14
300.97
300.87
300.79
300.64
300.19
300.1
299.98
299.86
299.7
299.52
299.37
299.26
299.19
299.06
297.44
299.52
299.91
300.34
301.07
299.91
302.55
302.39
302.29
302.28
302.32
302.22
302.16
302.07
301.96
301.87
301.75
301.6
301.54
301.2
301.2
301
300.87
300.79
300.57
300.5
300.4
299.86
299.8
299.61
299.51
299.4
299.23
299.46
299.47
298.36
298.19
299.91
299.91
299.91
299.91
299.91
302.47
302.26
302.17
302.16
302.18
301.99
302.07
302.01
301.92
301.71
301.65
301.51
301.42
301.25
301.13
300.84
300.77
300.7
300.47
300.37
300.25
299.71
299.6
299.46
299.35
299.13
298.75
299.14
298.04
297.7
297.43
299.91
299.91
299.91
299.91
299.91
302.32
302.21
302.09
301.99
301.91
302.02
301.97
301.92
301.84
301.63
301.51
301.34
301.17
301.2
300.95
300.84
300.7
300.6
300.34
300.22
300.08
300.04
299.45
299.3
299.21
298.94
298.4
298.86
297.86
298.19
298.39
299.91
299.91
299.91
299.91
299.91