289.1
289.11
289.12
289.15
289.16
289.19
289.2
289.23
289.17
289.2
289.23
289.27
289.3
289.32
289.34
289.36
289.37
289.37
289.37
289.36
289.34
289.32
289.3
289.1
289.15
289.16
288.95
288.89
288.37
288.31
288.52
288.61
288.47
288.11
287.66
287.4
289.12
289.13
289.15
289.17
289.18
289.12
289.21
289.24
289.19
289.21
289.24
289.27
289.31
289.33
289.36
289.37
289.38
289.39
289.39
289.38
289.36
289.28
289.32
289.17
289.14
289.15
289.15
289.18
288.97
288.92
288.8
288.59
288.37
287.92
287.53
287.2
289.07
289.08
289.09
289.11
289.11
289.13
289.15
289.17
289.18
289.2
289.23
289.27
289.3
289.32
289.35
289.37
289.39
289.39
289.39
289.38
289.28
289.28
289.32
289.29
289.23
289.21
289.18
289.16
289.13
289.03
288.85
288.57
288.23
287.9
287.68
286.55
289.01
289.04
289.05
289.06
289.08
289.1
289.12
289.14
289.16
289.19
289.23
289.26
289.3
289.33
289.36
289.38
289.4
289.4
289.4
289.33
289.39
289.31
289.32
289.29
289.25
289.25
289.2
289.2
289.17
289.09
288.85
288.65
288.14
287.38
286.53
285.97
289.05
289.06
289.07
289.08
289.09
289.1
289.12
289.13
288.63
288.99
289.22
289.27
289.3
289.34
289.37
289.39
289.41
289.41
289.42
289.4
289.39
289.36
289.32
289.28
289.24
289.25
289.19
289.15
289.15
289.1
288.97
288.25
287.52
286.08
286.59
286.07
289.06
289.07
289.07
289.08
289.1
288.4
288.48
287.71
287.14
288.62
289.21
289.27
289.31
289.32
289.37
289.4
289.42
289.38
289.42
289.4
289.38
289.35
289.39
289.28
289.25
289.22
289.15
289.11
289.11
289.03
288.76
287.92
286.81
287.04
287.23
286.51
289.07
289.08
289.09
289.1
289.11
287.81
286.82
287.73
288.35
288.8
289.21
289.27
289.31
289.43
289.3
289.28
289.36
289.44
289.42
289.42
289.39
289.34
289.3
289.25
289.23
289.21
289.12
289.01
288.96
288.61
288.39
287.45
287.78
287.46
286.75
285.33
289.09
289.1
289.09
289.11
289.11
288.31
287.78
288.44
288.94
289.07
289.19
289.21
289.29
289.33
289.36
289.14
289.41
289.43
289.42
289.42
289.4
289.34
289.31
289.26
289.22
289.17
289.13
289
288.86
288.3
288.27
287.96
287.92
285.72
286.79
284.62
289.09
289.09
289.1
289.11
289.12
289.13
288.84
289.04
289.04
289.09
289.17
289.2
289.25
289.3
289.23
289.34
289.39
289.4
289.42
289.41
289.38
289.34
289.31
289.26
289.28
289.16
289.13
289.01
288.81
288.66
288.41
287.67
286.65
286.71
284.89
284.02
289.11
289.12
289.13
289.13
289.14
289.15
288.86
289
289.01
289.12
289.18
289.24
289.24
289.2
289.21
289.31
289.35
289.4
289.41
289.4
289.37
289.36
289.31
289.26
289.21
289.16
289.12
289.07
288.12
287.71
287.69
287.79
287.6
285.82
285.89
284.41
289.11
289.12
289.14
289.15
289.15
289.16
288.9
289
289.1
289.12
289.21
289.21
288.99
289.26
289.28
289.3
289.35
289.37
289.44
289.41
289.39
289.35
289.33
289.27
289.23
289.18
289.13
289.11
289.04
288.99
288.59
288.08
288.13
287.13
284.5
286.36
289.08
289.13
289.14
289.16
289.17
289.3
288.99
289.01
289.12
289.17
289.19
289.06
289.16
289.22
289.25
289.27
289.28
289.33
289.35
289.36
289.38
289.36
289.34
289.25
289.22
289.14
289.04
289
289
288.81
288.95
288.95
288.85
288.84
288.4
288.46
289.1
289.14
289.15
289.17
289.18
288.94
289.05
289.09
289.13
289.14
289.1
289.09
289.17
289.2
289.21
289.27
289.27
289.29
289.31
289.34
289.31
289.24
288.86
288.99
289.01
288.8
289.01
288.94
288.77
288.57
288.38
287.59
287.83
288.54
288.44
288.9
289.11
289.15
289.16
289.17
289.2
288.95
289.03
289.08
289.14
289.03
288.97
289.12
289.15
289.17
289.19
289.22
289.24
289.25
289.26
289.3
289.24
289.07
289.15
289.07
288.98
288.95
288.86
288.79
288.2
287.79
287.44
286.66
288.01
287.71
288.39
288.95
289.1
289.11
289.15
289.16
289.02
288.98
289.06
289.07
289
288.81
289
289.06
289.09
289.11
289.15
289.14
289.18
289.21
289.18
289.21
289.21
289.09
288.85
288.83
288.65
288.66
288.1
287.69
287.57
288.05
287.31
287.38
287.98
288.27
288.93
288.89
289.11
289.12
289.13
289.17
288.87
288.95
289.02
288.98
288.81
288.91
288.97
289
289.02
289.04
289.13
289.15
289.17
289.18
289.24
289.24
289.04
288.64
288.23
288.18
288.05
287.79
288.01
287.85
287.58
287.33
287.73
287.97
288.48
288.81
288.88
288.87
289.11
289.13
289.14
289.16
289.16
289.16
288.99
288.74
288.93
288.98
288.96
288.95
288.94
288.99
289.07
289.1
289.09
289.23
289.23
289.03
288.45
287.7
288.41
288.35
288.54
288.76
288.49
288.17
287.91
288.02
287.72
288.47
288.71
288.81
288.81
288.82
289.11
289.13
289.04
289.13
289.06
289.12
288.56
288.47
289
288.97
288.93
288.88
288.88
288.95
289.03
289.06
289.06
289.11
289.19
288.52
287.86
288.13
288.97
288.98
288.94
288.91
288.83
288.68
288.03
287.81
287.86
288.44
288.7
288.71
288.72
288.83
289.12
288.85
288.89
288.97
288.97
289.03
289.04
289.05
289.02
288.97
288.92
288.85
288.81
288.79
288.96
288.92
288.8
288.87
289.15
289.15
288.61
288.61
289.1
288.71
288.93
288.6
288.63
288.67
288.45
287.89
288.32
288.58
288.6
288.66
288.67
288.71
288.56
288.48
288.58
288.76
288.79
288.74
289.03
289.08
288.88
288.86
288.98
288.78
288.8
288.64
288.69
288.53
288.55
288.77
289.05
289.15
289.11
289.1
289.12
289.06
288.81
288.06
287.7
288.46
288.59
288.09
288.49
288.48
288.55
288.53
288.54
288.62
287.41
287.92
288.21
288.39
288.5
288.75
288.96
288.88
288.82
288.82
288.7
288.48
288.72
288.59
288.27
288.53
288.62
288.84
288.96
288.97
289.05
289.07
289.06
289.06
289.01
288.95
288.76
288.01
288.16
288.48
288.43
288.45
288.41
288.36
288.39
288.46
286.76
287.06
287.12
287.51
288.15
288.44
288.81
288.73
288.67
288.66
288.56
288.16
288.63
287.99
288.37
288.36
288.5
288.69
288.78
288.9
289.01
289.04
289.04
289.02
288.95
288.83
288.74
288.66
288.17
288.09
288.27
288.24
288.19
288.13
288.16
288.25
286.61
286.43
286.94
287.3
287.46
287.38
286.91
287.63
288.34
288.23
288.22
288.56
288.04
288.27
287.89
288.11
288.37
288.47
288.6
288.71
288.83
289.13
288.94
288.9
288.92
288.77
288.64
288.49
288.27
288.16
288.11
287.97
287.82
287.74
287.83
287.96
285.88
286.07
286.84
286.9
286.96
287.21
287.6
287.9
286.88
286.88
288.42
288.31
287.86
288.02
287.8
287.88
288.01
288.19
288.39
288.66
288.73
288.78
288.81
288.71
288.71
288.71
288.5
288.43
287.73
287.95
287.49
287.06
287.37
287.11
287.28
287.37